2 0.010000 0.193603 40.113429 59.692967
2 0.100000 1.806684 40.601406 57.591910
2 1.000000 10.082996 41.078625 48.838379
2 10.000000 17.052844 38.907354 44.039802
2 100.000000 18.506178 38.269170 43.224651
2 1000.000000 18.673085 38.184151 43.142764
3 0.010000 0.164510 34.255255 65.580235
3 0.100000 1.569132 35.240219 63.190650
3 1.000000 9.288563 37.599659 53.111778
3 10.000000 15.829660 35.679780 48.490560
3 100.000000 16.745589 35.050153 48.204258
3 1000.000000 16.823487 35.052982 48.123531
4 0.010000 0.161577 32.577843 67.260580
4 0.100000 1.517135 33.180544 65.302321
4 1.000000 9.330103 36.819698 53.850200
4 10.000000 16.160223 34.889481 48.950296
4 100.000000 16.937724 34.281267 48.781009
4 1000.000000 16.923444 33.929392 49.147164
5 0.010000 0.156783 31.408431 68.434786
5 0.100000 1.484726 32.419444 66.095831
5 1.000000 9.057304 35.598920 55.343775
5 10.000000 15.949065 34.599325 49.451610
5 100.000000 16.671765 33.292426 50.035809
5 1000.000000 17.258221 34.183582 48.558197
6 0.010000 0.148534 29.789397 70.062070
6 0.100000 1.421150 30.862777 67.716073
6 1.000000 8.924142 35.139609 55.936249
6 10.000000 15.855564 33.977526 50.166910
6 100.000000 17.001969 33.624998 49.373033
6 1000.000000 17.278744 33.850287 48.870968
7 0.010000 0.144689 28.971355 70.883956
7 0.100000 1.391640 30.169901 68.438460
7 1.000000 8.786622 34.627253 56.586125
7 10.000000 15.720484 33.795940 50.483576
7 100.000000 16.878478 33.072214 50.049308
7 1000.000000 17.094483 33.225974 49.679543
8 0.010000 0.144457 28.930168 70.925375
8 0.100000 1.380862 30.132026 68.487112
8 1.000000 8.750267 34.641000 56.608733
8 10.000000 15.545381 33.279396 51.175223
8 100.000000 16.845253 33.067113 50.087634
8 1000.000000 16.885528 32.882037 50.232435
9 0.010000 0.140906 28.129265 71.729829
9 0.100000 1.348490 29.595712 69.055798
9 1.000000 8.550269 33.795825 57.653906
9 10.000000 15.687365 33.709819 50.602816
9 100.000000 16.670375 32.555573 50.774052
9 1000.000000 17.100795 33.374718 49.524487
10 0.010000 0.140009 28.340605 71.519386
10 0.100000 1.332168 29.322332 69.345499
10 1.000000 8.586759 34.323666 57.089575
10 10.000000 15.510888 33.482726 51.006386
10 100.000000 16.616458 32.582657 50.800884
10 1000.000000 16.633593 32.382220 50.984186
20 0.010000 0.132067 26.487666 73.380266
20 0.100000 1.273079 27.807162 70.919760
20 1.000000 8.277727 33.077558 58.644715
20 10.000000 15.041643 32.888357 52.070000
20 100.000000 16.195566 32.568054 51.236380
20 1000.000000 16.192406 32.324760 51.482834
30 0.010000 0.129777 26.046338 73.823885
30 0.100000 1.223221 26.756317 72.020462
30 1.000000 8.182457 32.711376 59.106168
30 10.000000 14.992770 33.110893 51.896338
30 100.000000 15.777599 31.808466 52.413936
30 1000.000000 16.091267 32.148373 51.760360
40 0.010000 0.126463 25.504162 74.369375
40 0.100000 1.211245 26.582257 72.206497
40 1.000000 8.087066 32.323203 59.589731
40 10.000000 14.867495 32.807207 52.325298
40 100.000000 15.952515 32.334715 51.712770
40 1000.000000 16.119692 32.412846 51.467463
50 0.010000 0.127034 25.618121 74.254845
50 0.100000 1.216412 26.746147 72.037441
50 1.000000 8.073158 32.199665 59.727177
50 10.000000 14.950865 32.808037 52.241097
50 100.000000 15.937851 32.191898 51.870251
50 1000.000000 16.057676 32.163517 51.778807
60 0.010000 0.125133 25.105695 74.769173
60 0.100000 1.205932 26.372267 72.421801
60 1.000000 8.148268 32.377682 59.474051
60 10.000000 14.854736 32.608775 52.536488
60 100.000000 16.035501 32.429844 51.534655
60 1000.000000 15.975970 31.968002 52.056028
70 0.010000 0.123499 24.800016 75.076485
70 0.100000 1.199397 26.213077 72.587526
70 1.000000 8.074676 32.026744 59.898581
70 10.000000 14.943074 32.864418 52.192508
70 100.000000 15.940644 32.167794 51.891561
70 1000.000000 16.136210 32.270972 51.592818
80 0.010000 0.124389 24.914352 74.961259
80 0.100000 1.182255 25.784052 73.033693
80 1.000000 8.044816 31.907576 60.047608
80 10.000000 14.955799 32.650598 52.393603
80 100.000000 16.013688 32.292085 51.694227
80 1000.000000 16.045166 32.048028 51.906806
90 0.010000 0.121276 24.324356 75.554368
90 0.100000 1.172947 25.600507 73.226546
90 1.000000 8.001802 31.867336 60.130862
90 10.000000 15.061083 32.863643 52.075274
90 100.000000 16.015339 32.134995 51.849666
90 1000.000000 16.122658 32.039462 51.837880
100 0.010000 0.121575 24.429172 75.449253
100 0.100000 1.171654 25.590576 73.237770
100 1.000000 7.956732 31.656069 60.387199
100 10.000000 15.106258 32.863682 52.030060
100 100.000000 16.084354 32.192158 51.723488
100 1000.000000 16.267261 32.298600 51.434139
110 0.010000 0.121309 24.363390 75.515301
110 0.100000 1.170856 25.575833 73.253311
110 1.000000 7.991206 31.782732 60.226062
110 10.000000 15.027041 32.790706 52.182253
110 100.000000 16.110204 32.203154 51.686641
110 1000.000000 16.207749 32.111629 51.680622
120 0.010000 0.120799 24.276734 75.602467
120 0.100000 1.141075 24.973637 73.885288
120 1.000000 7.911043 31.582061 60.506896
120 10.000000 14.770911 32.353784 52.875305
120 100.000000 16.026957 32.097988 51.875055
120 1000.000000 16.175376 32.092033 51.732591
130 0.010000 0.120815 24.357296 75.521890
130 0.100000 1.155686 25.372683 73.471631
130 1.000000 7.909370 31.594956 60.495675
130 10.000000 14.875989 32.565678 52.558333
130 100.000000 16.083416 32.348374 51.568210
130 1000.000000 16.151222 32.106397 51.742381
140 0.010000 0.118672 23.892350 75.988978
140 0.100000 1.151452 25.292832 73.555716
140 1.000000 7.862598 31.379610 60.757793
140 10.000000 14.857868 32.439847 52.702285
140 100.000000 15.992692 32.119463 51.887845
140 1000.000000 16.064726 31.970910 51.964363
150 0.010000 0.120048 24.207836 75.672117
150 0.100000 1.141125 25.053399 73.805476
150 1.000000 7.885672 31.499475 60.614853
150 10.000000 14.944154 32.725569 52.330277
150 100.000000 16.032130 32.158007 51.809863
150 1000.000000 16.152293 32.130200 51.717508
160 0.010000 0.121705 24.557276 75.321019
160 0.100000 1.133875 24.913620 73.952505
160 1.000000 7.941734 31.748920 60.309346
160 10.000000 14.811053 32.524087 52.664860
160 100.000000 15.990126 32.095378 51.914496
160 1000.000000 16.110062 32.035577 51.854361
170 0.010000 0.119087 24.000947 75.879966
170 0.100000 1.149325 25.272191 73.578485
170 1.000000 7.785237 31.089266 61.125498
170 10.000000 14.818868 32.563390 52.617742
170 100.000000 16.050958 32.322493 51.626549
170 1000.000000 16.160819 32.255942 51.583240
180 0.010000 0.119244 24.040449 75.840308
180 0.100000 1.143928 25.122475 73.733597
180 1.000000 7.852503 31.369379 60.778118
180 10.000000 14.756844 32.410076 52.833080
180 100.000000 16.012063 32.253373 51.734564
180 1000.000000 16.105861 32.174800 51.719338
190 0.010000 0.120133 24.246160 75.633707
190 0.100000 1.145837 25.187208 73.666956
190 1.000000 7.932371 31.682727 60.384902
190 10.000000 14.827980 32.545394 52.626626
190 100.000000 15.852645 31.955897 52.191458
190 1000.000000 16.104934 32.175021 51.720044
200 0.010000 0.120254 24.236709 75.643037
200 0.100000 1.162968 25.548850 73.288181
200 1.000000 7.879643 31.484857 60.635500
200 10.000000 14.906342 32.759796 52.333862
200 100.000000 15.879056 32.016529 52.104415
200 1000.000000 15.994331 31.957859 52.047810
300 0.010000 0.117626 23.708991 76.173382
300 0.100000 1.138885 24.997061 73.864054
300 1.000000 7.812709 31.184666 61.002625
300 10.000000 14.759502 32.428124 52.812374
300 100.000000 15.853198 32.059577 52.087226
300 1000.000000 16.013236 32.089065 51.897699
400 0.010000 0.115545 23.174737 76.709719
400 0.100000 1.123834 24.538787 74.337379
400 1.000000 7.948802 31.511723 60.539475
400 10.000000 14.876853 32.491799 52.631348
400 100.000000 15.978162 32.204206 51.817632
400 1000.000000 15.959240 31.857702 52.183058
500 0.010000 0.118226 23.763426 76.118348
500 0.100000 1.101795 24.090088 74.808117
500 1.000000 7.923487 31.523026 60.553487
500 10.000000 14.902946 32.448457 52.648597
500 100.000000 16.060335 32.107146 51.832519
500 1000.000000 16.137103 32.046900 51.815997
600 0.010000 0.115203 23.099112 76.785685
600 0.100000 1.095756 23.934878 74.969367
600 1.000000 7.732122 30.838614 61.429263
600 10.000000 14.875288 32.589694 52.535019
600 100.000000 15.956160 31.952988 52.090852
600 1000.000000 16.260696 32.270143 51.469162
700 0.010000 0.115766 23.336662 76.547572
700 0.100000 1.102596 24.197210 74.700194
700 1.000000 7.687045 30.697383 61.615572
700 10.000000 14.938578 32.644761 52.416661
700 100.000000 15.954571 32.020245 52.025184
700 1000.000000 16.010341 31.879185 52.110474
800 0.010000 0.117547 23.698629 76.183823
800 0.100000 1.119492 24.592125 74.288384
800 1.000000 7.757320 31.016698 61.225981
800 10.000000 14.880388 32.664913 52.454699
800 100.000000 16.027809 32.226318 51.745873
800 1000.000000 16.119761 32.062157 51.818082
900 0.010000 0.112183 22.618048 77.269769
900 0.100000 1.119432 24.584026 74.296542
900 1.000000 7.928154 31.653760 60.418085
900 10.000000 14.764123 32.418948 52.816929
900 100.000000 15.953338 32.129331 51.917331
900 1000.000000 15.991701 31.950146 52.058153
1000 0.010000 0.113081 22.823523 77.063396
1000 0.100000 1.113212 24.454690 74.432098
1000 1.000000 7.722277 30.819748 61.457975
1000 10.000000 14.709091 32.335305 52.955604
1000 100.000000 15.889838 32.036408 52.073755
1000 1000.000000 16.042499 32.049797 51.907703
2000 0.010000 0.115404 23.247824 76.636773
2000 0.100000 1.130560 24.816205 74.053235
2000 1.000000 7.756254 30.973819 61.269926
2000 10.000000 14.816065 32.519236 52.664699
2000 100.000000 15.893695 32.072613 52.033692
2000 1000.000000 16.015011 32.018421 51.966569
3000 0.010000 0.112744 22.779987 77.107269
3000 0.100000 1.113003 24.520422 74.366574
3000 1.000000 7.627793 30.531617 61.840590
3000 10.000000 14.775044 32.453662 52.771293
3000 100.000000 15.912869 32.108621 51.978511
3000 1000.000000 15.958717 31.919707 52.121576
4000 0.010000 0.118962 24.001432 75.879606
4000 0.100000 1.173035 25.752975 73.073990
4000 1.000000 7.909558 31.589380 60.501063
4000 10.000000 14.975952 32.752164 52.271885
4000 100.000000 16.082657 32.333521 51.583822
4000 1000.000000 16.260769 32.379595 51.359635
5000 0.010000 0.119589 24.128341 75.752070
5000 0.100000 1.183579 26.028370 72.788051
5000 1.000000 7.828978 31.287665 60.883357
5000 10.000000 14.879392 32.685310 52.435298
5000 100.000000 15.969831 32.191770 51.838400
5000 1000.000000 16.136994 32.269046 51.593959
6000 0.010000 0.120972 24.363037 75.515991
6000 0.100000 1.152713 25.306054 73.541233
6000 1.000000 7.886226 31.493491 60.620283
6000 10.000000 14.921549 32.807270 52.271181
6000 100.000000 16.058727 32.384531 51.556742
6000 1000.000000 16.244741 32.479919 51.275340
7000 0.010000 0.120521 24.265827 75.613653
7000 0.100000 1.163311 25.517923 73.318765
7000 1.000000 7.871953 31.430853 60.697194
7000 10.000000 14.903801 32.744885 52.351314
7000 100.000000 15.986018 32.248645 51.765337
7000 1000.000000 16.078822 32.148913 51.772265
8000 0.010000 0.122880 24.772922 75.104198
8000 0.100000 1.173014 25.761157 73.065829
8000 1.000000 7.852581 31.354667 60.792752
8000 10.000000 14.871065 32.685553 52.443382
8000 100.000000 16.003059 32.316015 51.680926
8000 1000.000000 16.072344 32.136537 51.791120
9000 0.010000 0.118874 23.963701 75.917426
9000 0.100000 1.161322 25.491085 73.347593
9000 1.000000 7.817267 31.216653 60.966080
9000 10.000000 14.845371 32.629414 52.525215
9000 100.000000 16.026099 32.315988 51.657913
9000 1000.000000 15.978765 31.943251 52.077985
10000 0.010000 0.121793 24.555110 75.323097
10000 0.100000 1.149104 25.236495 73.614400
10000 1.000000 7.881958 31.464796 60.653246
10000 10.000000 14.799652 32.499237 52.701111
10000 100.000000 15.960096 32.220222 51.819682
10000 1000.000000 16.167287 32.336943 51.495770
20000 0.010000 0.119921 24.295134 75.584945
20000 0.100000 1.152978 25.440539 73.406483
20000 1.000000 7.776351 31.211810 61.011839
20000 10.000000 14.757542 32.507480 52.734978
20000 100.000000 15.919877 32.169943 51.910180
20000 1000.000000 16.018179 32.080111 51.901710
30000 0.010000 0.119172 24.136175 75.744652
30000 0.100000 1.149765 25.370611 73.479624
30000 1.000000 7.877854 31.584442 60.537704
30000 10.000000 14.793934 32.597507 52.608559
30000 100.000000 15.887612 32.192056 51.920332
30000 1000.000000 15.981555 32.097621 51.920823
40000 0.010000 0.148573 29.964448 69.886979
40000 0.100000 1.397490 30.683735 67.918775
40000 1.000000 8.540829 34.092137 57.367034
40000 10.000000 15.247354 33.503354 51.249292
40000 100.000000 16.407717 33.126123 50.466161
40000 1000.000000 16.522375 33.073013 50.404613
50000 0.010000 0.148045 29.869795 69.982159
50000 0.100000 1.398838 30.712544 67.888618
50000 1.000000 8.520066 34.011462 57.468473
50000 10.000000 15.274984 33.581459 51.143557
50000 100.000000 16.386157 33.110573 50.503271
50000 1000.000000 16.552782 33.129986 50.317232
60000 0.010000 0.147743 29.786521 70.065736
60000 0.100000 1.394746 30.616021 67.989233
60000 1.000000 8.544895 34.102494 57.352610
60000 10.000000 15.265533 33.576823 51.157645
10000 0.020000 0.239706 24.382781 75.377513
10000 0.030000 0.362664 24.853880 74.783456
10000 0.040000 0.474895 24.633915 74.891190
10000 0.050000 0.578350 24.238645 75.183006
10000 0.060000 0.706058 24.885258 74.408683
10000 0.070000 0.825059 25.172479 74.002462
10000 0.080000 0.940780 25.347325 73.711895
10000 0.090000 1.042452 25.198437 73.759111
10000 0.200000 2.220271 26.603726 71.176004
10000 0.300000 3.187528 27.585731 69.226741
10000 0.400000 4.060314 28.375897 67.563789
10000 0.500000 4.900542 29.328746 65.770712
10000 0.600000 5.539819 29.487321 64.972860
10000 0.700000 6.220678 30.156018 63.623304
10000 0.800000 6.822370 30.640294 62.537336
10000 0.900000 7.274526 30.673322 62.052151
10000 1.100000 8.408259 32.030329 59.561412
10000 2.000000 11.010715 32.950074 56.039210
10000 3.000000 12.415138 33.043410 54.541452
10000 4.000000 13.153829 32.815032 54.031139
10000 5.000000 13.741912 32.944994 53.313094
10000 6.000000 14.081848 32.834580 53.083572
10000 7.000000 14.348871 32.754588 52.896542
10000 8.000000 14.559444 32.715800 52.724756
10000 9.000000 14.672902 32.567100 52.759998
10000 20.000000 15.460545 32.417001 52.122454
10000 30.000000 15.678501 32.394521 51.926979
10000 40.000000 15.769524 32.340560 51.889916
10000 50.000000 15.790382 32.213001 51.996617
10000 60.000000 15.898385 32.329360 51.772256
10000 70.000000 15.900214 32.245652 51.854134
10000 80.000000 15.964778 32.318426 51.716796
10000 90.000000 15.929880 32.190061 51.880059
10000 2000.000000 16.162181 32.305880 51.531940
10000 3000.000000 16.060911 32.094580 51.844509
10000 4000.000000 16.103561 32.173677 51.722762
10000 5000.000000 16.147549 32.265154 51.587297
10000 6000.000000 16.172909 32.331080 51.496011
10000 7000.000000 16.149002 32.264917 51.586081
10000 8000.000000 16.090145 32.137282 51.772572
10000 9000.000000 16.102948 32.167704 51.729349
10000 10000.000000 16.107842 32.174343 51.717815
